0.00000000027377840092
0.00000000030105458467
0.00000000033086075933
0.00000000036329865789
0.00000000039842647816
0.00000000043624232831
0.00000000047666526500
0.00000000051951459689
0.00000000056448867808
0.00000000061114507822
0.00000000065888472239
0.00000000070694322011
0.00000000075439296531
0.00000000080015946465
0.00000000084305452148
0.00000000088182723135
0.00000000091523127339
0.00000000094210400260
0.00000000096144991842
0.00000000097251893971
0.00000000097486926814
0.00000000096840590919
0.00000000095338909611
0.00000000093041133138
0.00000000090034652646
0.00000000086427868977
0.00000000082341994693
0.00000000077902803192
0.00000000073233196127
0.00000000068447199597
0.00000000063645695851
0.00000000058913917681
0.00000000054320520965
0.00000000049917923869
0.00000000045743553571
