0.00000000020031130783
0.00000000022559278670
0.00000000025388762110
0.00000000028542049677
0.00000000032037989011
0.00000000035889575418
0.00000000040101229161
0.00000000044665628308
0.00000000049560230269
0.00000000054743729306
0.00000000060152831613
0.00000000065699865723
0.00000000071271852157
0.00000000076731689084
0.00000000081922022537
0.00000000086672123000
0.00000000090807677771
0.00000000094162872705
0.00000000096593576891
0.00000000097990002504
0.00000000098287037479
0.00000000097470639877
0.00000000095579242088
0.00000000092699928689
0.00000000088960026515
0.00000000084515461759
0.00000000079537633053
0.00000000074200562488
0.00000000068669770523
0.00000000063093804560
0.00000000057598786548
0.00000000052285857948
0.00000000047231063679
0.00000000042487047297
0.00000000038085903804
