0.00000000013901861603
0.00000000016523639791
0.00000000019700672738
0.00000000023546001053
0.00000000028197734504
0.00000000033826966316
0.00000000040621511992
0.00000000048771533428
0.00000000058501280196
0.00000000070014985000
0.00000000083449400585
0.00000000098874284164
0.00000000116233427731
0.00000000135189040462
0.00000000155171482351
0.00000000175278459002
0.00000000194314528405
0.00000000210812295633
0.00000000223332860146
0.00000000230643495896
0.00000000231948779362
0.00000000227115746798
0.00000000216665797142
0.00000000201666676571
0.00000000183527371502
0.00000000163724432130
0.00000000143536073205
0.00000000124050519284
0.00000000105985011004
0.00000000089709435111
0.00000000075444008655
0.00000000063135449427
0.00000000052675081855
0.00000000043883271232
0.00000000036540335174
