0.00000000024413721888
0.00000000028032394708
0.00000000032267139730
0.00000000037214256929
0.00000000042987976036
0.00000000049726290774
0.00000000057567913879
0.00000000066635974418
0.00000000077074003851
0.00000000088987380859
0.00000000102403358800
0.00000000117284955184
0.00000000133487457331
0.00000000150636013170
0.00000000168199674717
0.00000000185420804695
0.00000000201363078741
0.00000000214927691691
0.00000000225080425072
0.00000000230955651582
0.00000000232000701199
0.00000000228125283569
0.00000000219688797466
0.00000000207435430703
0.00000000192369537179
0.00000000175576512623
0.00000000158031795005
0.00000000140622396091
0.00000000123985581662
0.00000000108504093253
0.00000000094465978921
0.00000000081920811449
0.00000000070869570333
0.00000000061237128772
0.00000000052892445320
