0.75616966104934890680
0.73030659120842078558
0.70318768926002828135
0.67476210864371710674
0.64498244461611642375
0.61380628701508621603
0.58119802231004424886
0.54713087609516275478
0.51158916676194243767
0.47457071476673995392
0.43608932029002178687
0.39617718700369958240
0.35488713452683312566
0.31229441206660735197
0.26849790726737571278
0.22362054462131070176
0.17780869333802723498
0.13123045905064739669
0.08407281624502915829
0.03653764197068809505
-0.01116317659785069465
-0.05881328483055948270
-0.10619770067317188533
-0.15310856285019094902
-0.19935040933949577102
-0.24474466493180752069
-0.28913310807652486956
-0.33238019687617986753
-0.37437424412568759413
-0.41502752631588768484
-0.45427548138845724734
-0.49207519075908551232
-0.52840335419768402758
-0.56325395680036716151
-0.59663580249870173944
