0.00000000027535355182
0.00000000030282134001
0.00000000033284307892
0.00000000036552276967
0.00000000040092072604
0.00000000043903684232
0.00000000047979139795
0.00000000052300406902
0.00000000056837237589
0.00000000061545146995
0.00000000066363788485
0.00000000071216052197
0.00000000076008252135
0.00000000080631755704
0.00000000084966326569
0.00000000088885282559
0.00000000092262318791
0.00000000094979541602
0.00000000096935958383
0.00000000098055447198
0.00000000098293161891
0.00000000097639458771
0.00000000096120755486
0.00000000093797190402
0.00000000090757439042
0.00000000087111450362
0.00000000082982103575
0.00000000078496820794
0.00000000073780023049
0.00000000068947048991
0.00000000064099844648
0.00000000059324447279
0.00000000054690071449
0.00000000050249477448
0.00000000046040255238
