0.00000000025872607017
0.00000000028135258454
0.00000000030569250095
0.00000000033176144308
0.00000000035953958150
0.00000000038896253765
0.00000000041991173360
0.00000000045220471113
0.00000000048558616929
0.00000000051972070204
0.00000000055418842277
0.00000000058848479012
0.00000000062202594132
0.00000000065418974615
0.00000000068421538827
0.00000000071141350570
0.00000000073507395686
0.00000000075453455996
0.00000000076921948533
0.00000000077867547470
0.00000000078260209906
0.00000000078087262804
0.00000000077354302277
0.00000000076084795108
0.00000000074318431520
0.00000000072108428157
0.00000000069518093879
0.00000000066614236516
0.00000000063474260198
0.00000000060166848587
0.00000000056759270665
0.00000000053312717289
0.00000000049880828706
0.00000000046508915115
0.00000000043233774539
