0.00000000025255718452
0.00000000027466478994
0.00000000029846429832
0.00000000032397738986
0.00000000035119243173
0.00000000038005565237
0.00000000041046168886
0.00000000044224398084
0.00000000047516570184
0.00000000050891214782
0.00000000054308571385
0.00000000057720473514
0.00000000061070749324
0.00000000064296253162
0.00000000067328603860
0.00000000070096642029
0.00000000072529533254
0.00000000074560346013
0.00000000076129837759
0.00000000077190109129
0.00000000077707753940
0.00000000077666154885
0.00000000077066654839
0.00000000075928461487
0.00000000074287296978
0.00000000072192956086
0.00000000069706058245
0.00000000066894350515
0.00000000063828932292
0.00000000060580733043
0.00000000057217496418
0.00000000053801427114
0.00000000050387559857
0.00000000047022827301
0.00000000043745743761
