0.00000000019617789545
0.00000000021785296116
0.00000000024166057945
0.00000000026769004487
0.00000000029599421075
0.00000000032657621393
0.00000000035937457141
0.00000000039424726068
0.00000000043095578685
0.00000000046915068173
0.00000000050836031765
0.00000000054798526976
0.00000000058730061095
0.00000000062550314412
0.00000000066159296416
0.00000000069462828454
0.00000000072362510662
0.00000000074765071318
0.00000000076588343670
0.00000000077767018978
0.00000000078257521953
0.00000000078041405251
0.00000000077126819522
0.00000000075547861504
0.00000000073361888143
0.00000000070645152534
0.00000000067487315126
0.00000000063982123472
0.00000000060234719320
0.00000000056337349646
0.00000000052377629476
0.00000000048432663635
0.00000000044567359739
0.00000000040833827763
0.00000000037271663197
