0.96498623030755714680
0.94042095349310761421
0.91404260904543432886
0.88574271419803451977
0.85536282755381121135
0.82267464663704137351
0.78748778397402530160
0.74967558990834026744
0.70897840109952348087
0.66519444994695264839
0.61822446252070362149
0.56791151906296866159
0.51408263825002498137
0.45683074057026251680
0.39617624745257051799
6.61546572944985822318
6.54855421201404919174
6.47919161929811959766
6.40787891485081395615
6.33518314121832215591
6.26202833699010597002
6.18907230066181845984
6.11710069200371808762
6.04679689251200969125
5.97881388033960181616
5.91365255377596987785
5.85152743865049806971
5.79280404063144693794
5.73758750433920994283
5.68575505864648356180
5.63741565448966497343
5.59231033915979303117
5.55033108053322443709
5.51132178709294962005
5.47504229477369364076
