6.99336372411108531111
6.96836415560741428976
6.94229976371297397009
6.91513877516406427759
6.88685316399079106020
6.85741973714817731889
6.82682133723562145633
6.79504814521448086140
6.76209905471778860431
6.72798307641865456219
6.69272071666015566649
6.65634526028900808114
6.61890387501388133273
6.58042212701058559787
6.54105011180903783696
6.50084353998129316210
6.45990938133263004062
6.41836820883807046556
6.37635252555841347544
6.33400453573604327318
6.29147343644033529841
6.24891234871544654084
6.20647504106450575989
6.16431261830142673830
6.12257035221645384837
6.08138481660193086498
6.04088146012226978598
6.00113652595274960078
5.96232017199218677916
5.92447967107294992672
5.88768278841819103775
5.85198234073218070961
5.81741689970144992827
5.78401180240756040973
5.75178037509629902502
