0.00000000030248340581
0.00000000033276733934
0.00000000036578060422
0.00000000040159484739
0.00000000044022139041
0.00000000048159130613
0.00000000052553343605
0.00000000057175156966
0.00000000061980272143
0.00000000066907922315
0.00000000071879806849
0.00000000076800140717
0.00000000081557203971
0.00000000086026695700
0.00000000090077023217
0.00000000093576391996
0.00000000096401234921
0.00000000098445190950
0.00000000099627595323
0.00000000099900357977
0.00000000099252236509
0.00000000097709853185
0.00000000095335297674
0.00000000092220686586
0.00000000088480493605
0.00000000084242724227
0.00000000079640047496
0.00000000074801836570
0.00000000069847778525
0.00000000064883376932
0.00000000059997363393
0.00000000055260804618
0.00000000050727557037
0.00000000046435674151
0.00000000042409391051
