0.00000000022436969128
0.00000000025279187745
0.00000000028452018912
0.00000000031975873158
0.00000000035865440889
0.00000000040126894056
0.00000000044754600830
0.00000000049727480350
0.00000000055005244058
0.00000000060524913503
0.00000000066198153296
0.00000000071910079219
0.00000000077520248818
0.00000000082866462553
0.00000000087771754449
0.00000000092054519980
0.00000000095541156536
0.00000000098079982480
0.00000000099554709060
0.00000000099895529460
0.00000000099086074820
0.00000000097165076827
0.00000000094222452920
0.00000000090390478728
0.00000000085831493293
0.00000000080724014300
0.00000000075249156385
0.00000000069578902434
0.00000000063867217423
0.00000000058244383659
0.00000000052814412660
0.00000000047655030587
0.00000000042819558224
0.00000000038339985230
0.00000000034230622193
