0.00000000030069664625
0.00000000033076077347
0.00000000036352711293
0.00000000039906503426
0.00000000043738389838
0.00000000047841337511
0.00000000052198176499
0.00000000056779354262
0.00000000061540804188
0.00000000066422196787
0.00000000071345911997
0.00000000076217115010
0.00000000080925311902
0.00000000085347680496
0.00000000089354300183
0.00000000092815143825
0.00000000095608375011
0.00000000097629173771
0.00000000098798073388
0.00000000099067709429
0.00000000098427010317
0.00000000096902194523
0.00000000094554419888
0.00000000091474447192
0.00000000087775112488
0.00000000083582657885
0.00000000079028009775
0.00000000074238938603
0.00000000069333751018
0.00000000064416836372
0.00000000059576088378
0.00000000054881996636
0.00000000050388069158
0.00000000046132199412
0.00000000042138608834
