      0.77149999      0.77137351      0.77099389      0.77036190      0.76947778
      0.76834267      0.76695758      0.76532388      0.76344317      0.76134181
      0.75912023      0.75678861      0.75434381      0.75178248      0.74910063
      0.74629372      0.74335688      0.74028468      0.73707122      0.73370969
      0.73019320      0.72651392      0.72266352      0.71863300      0.71441269
      0.70999229      0.70536077      0.70050609      0.69541591      0.69007659
      0.68447417      0.67859358      0.67241901      0.66593403      0.66646659
      0.65871549      0.65058237      0.64204848      0.63309431      0.62369841
      0.61029828      0.60061252      0.59042448      0.57974797      0.56859982
      0.55699998      0.54497159      0.53254092      0.51973701      0.50659168
      0.49313971      0.47941789      0.46547410      0.45168099      0.44129199
      0.42891681      0.41747281      0.40715829      0.39705160      0.38549259
      0.36945841      0.36169881      0.35564259      0.35022739      0.34542719
      0.34121469      0.33756161      0.33443889      0.33181739      0.32966769
      0.32796109      0.32666880      0.32756299      0.33142301      0.33488500
      0.33776900      0.34065399      0.34411499      0.34584600      0.34700000
      0.34700000      0.34700000      0.34700000      0.34700000      0.34700000
      0.34700000      0.34700000      0.34700000      0.34700000      0.34700000
      0.34700000      0.34700000      0.34700000      0.34700000      0.34700000
      0.34700000      0.34700000      0.34700000      0.34700000      0.34700000
      0.34700000      0.34700000      0.34700000      0.34700000      0.34700000
      0.34700000      0.34700000      0.34700000      0.34700000      0.34700000
      0.34700000      0.34700000      0.34584600      0.34411499      0.34065399
      0.33776900      0.33488500      0.33142301      0.32756299      0.32666880
      0.32796109      0.32966769      0.33181739      0.33443889      0.33756161
      0.34121469      0.34542719      0.35022739      0.35564259      0.35870001
      0.36590737      0.37069669      0.37568438      0.38055986      0.38501954
      0.38878575      0.39162391      0.39387158      0.39617434      0.39868170
      0.40149266      0.40459275      0.40796599      0.41159508      0.41546127
      0.41954473      0.42382437      0.42827818      0.43288326      0.43761587
      0.44245166      0.44736576      0.45233285      0.45732737      0.46232361
      0.46729591      0.47224331      0.47717586      0.48209181      0.48698932
      0.49186668      0.49672210      0.50155383      0.50636011      0.51113921
      0.51588941      0.52060896      0.52529615      0.52994937      0.53456682
      0.53914696      0.54368800      0.54818839      0.55264646      0.55706060
      0.56142920      0.56575078      0.57002366      0.57424629      0.57841724
      0.58253491      0.58659792      0.59060466      0.59455377      0.59844381
      0.60227334      0.60622078      0.61076504      0.61567634      0.62064940
      0.62537491      0.62955910      0.63081086      0.63700002      0.64204848
      0.65058237      0.65871549      0.66646659      0.66593403      0.67241901
      0.67859358      0.68447417      0.69007659      0.69541591      0.70050609
      0.70536077      0.70999229      0.71441269      0.71863300      0.72266352
      0.72651392      0.73019320      0.73370969      0.73707122      0.74028468
      0.74335688      0.74629372      0.74910063      0.75178248      0.75434381
      0.75678861      0.75912023      0.76134181      0.76344317      0.76532388
      0.76695758      0.76834267      0.76947778      0.77036190      0.77099389
      0.77137351
*** next is z ***
       0.0000000    0.0074860863     0.014963916     0.022425238     0.029861813
     0.037265420     0.044627868     0.051940985     0.059196640     0.066394649
     0.073565729     0.080719806     0.087863117     0.095001757      0.10214170
      0.10928880      0.11644870      0.12362710      0.13082939      0.13806079
      0.14532630      0.15263100      0.15997940      0.16737591      0.17482460
      0.18232919      0.18989310      0.19751920      0.20521000      0.21296710
      0.22079170      0.22868420      0.23664410      0.24466980      0.27093941
      0.27946109      0.28801721      0.29659939      0.30519769      0.31379130
      0.30226979      0.31031880      0.31801280      0.32531169      0.33217600
      0.33856699      0.34444740      0.34978110      0.35453391      0.35867351
      0.36216980      0.36499521      0.36709040      0.36729109      0.35611260
      0.35190570      0.34534180      0.33654979      0.32794279      0.32255849
      0.32483160      0.31254721      0.29852471      0.28459811      0.27080080
      0.25716290      0.24371099      0.23046879      0.21745640      0.20469090
      0.19218650      0.17995450      0.17076901      0.17076901      0.17076901
      0.16961500      0.16500001      0.15634599      0.14942300      0.13961500
      0.12124360      0.11165900      0.10242380     0.093498021     0.084845506
     0.076433748     0.068233132     0.060216531     0.052358881     0.044636879
     0.037028667     0.029513575     0.022071889     0.014684631    0.0073333615
   1.8856569e-11   -0.0073333615    -0.014684631    -0.022071889    -0.029513575
    -0.037028667    -0.044636879    -0.052358881    -0.060216531    -0.068233140
    -0.076433748    -0.084845506    -0.093498021     -0.10242380     -0.11165900
     -0.12124360     -0.13961500     -0.14942300     -0.15634599     -0.16500001
     -0.16961500     -0.17076901     -0.17076901     -0.17076901     -0.17995450
     -0.19218650     -0.20469090     -0.21745640     -0.23046879     -0.24371099
     -0.25716290     -0.27080080     -0.28459811     -0.29852471     -0.30599999
     -0.30304703     -0.30164358     -0.30146959     -0.30253592     -0.30477613
     -0.30805075     -0.31215587     -0.31662345     -0.32106248     -0.32538682
     -0.32952023     -0.33344144     -0.33713028     -0.34056777     -0.34373620
     -0.34661928     -0.34920216     -0.35147151     -0.35341570     -0.35502467
     -0.35629019     -0.35720572     -0.35776654     -0.35796979     -0.35781437
     -0.35730121     -0.35656768     -0.35574022     -0.35481912     -0.35380468
     -0.35269731     -0.35149738     -0.35020536     -0.34882167     -0.34734684
     -0.34578139     -0.34412590     -0.34238094     -0.34054717     -0.33862528
     -0.33661589     -0.33451980     -0.33233771     -0.33007044     -0.32771879
     -0.32528365     -0.32276586     -0.32016635     -0.31748608     -0.31472597
     -0.31188706     -0.30897033     -0.30597690     -0.30290779     -0.29976416
     -0.29654711     -0.29348898     -0.29143420     -0.29056764     -0.29094315
     -0.29253739     -0.29525125     -0.29640087     -0.30199999     -0.29659939
     -0.28801721     -0.27946109     -0.27093941     -0.24466980     -0.23664410
     -0.22868420     -0.22079170     -0.21296710     -0.20521000     -0.19751920
     -0.18989310     -0.18232919     -0.17482460     -0.16737591     -0.15997940
     -0.15263100     -0.14532630     -0.13806079     -0.13082939     -0.12362710
     -0.11644870     -0.10928880     -0.10214170    -0.095001757    -0.087863117
    -0.080719806    -0.073565729    -0.066394649    -0.059196640    -0.051940985
    -0.044627868    -0.037265420    -0.029861813    -0.022425238    -0.014963916
   -0.0074860863
