0.00000000014612386409
0.00000000015866234215
0.00000000017205511480
0.00000000018628109909
0.00000000020129463688
0.00000000021702068282
0.00000000023335016196
0.00000000025013592832
0.00000000026718986495
0.00000000028428174971
0.00000000030114054171
0.00000000031745869054
0.00000000033289990838
0.00000000034711055868
0.00000000035973441302
0.00000000037043004717
0.00000000037888965827
0.00000000038485768034
0.00000000038814735312
0.00000000038865343729
0.00000000038635959785
0.00000000038133956406
0.00000000037375192358
0.00000000036382918472
0.00000000035186239941
0.00000000033818306870
0.00000000032314419473
0.00000000030710220798
0.00000000029040114881
0.00000000027336001195
0.00000000025626366971
0.00000000023935735285
0.00000000022284433808
0.00000000020688628443
0.00000000019160557173
