0.00000000014683896420
0.00000000015945433537
0.00000000017293159428
0.00000000018724994018
0.00000000020236383276
0.00000000021819811969
0.00000000023464332718
0.00000000025155154844
0.00000000026873347695
0.00000000028595721719
0.00000000030294953861
0.00000000031940018683
0.00000000033496970361
0.00000000034930091777
0.00000000036203386149
0.00000000037282337765
0.00000000038135818509
0.00000000038737975450
0.00000000039069911931
0.00000000039120978238
0.00000000038889521257
0.00000000038383002254
0.00000000037617468283
0.00000000036616441812
0.00000000035409360278
0.00000000034029740881
0.00000000032513260209
0.00000000030895924285
0.00000000029212468795
0.00000000027495081246
0.00000000025772486614
0.00000000024069393703
0.00000000022406266041
0.00000000020799360336
0.00000000019260966700
