0.67188434414127928829
0.64525882475510498715
0.61752174593322406437
0.58864742894484167746
0.55861563377553835608
0.52741281613887602830
0.49503347138624181900
0.46148153034026956343
0.42677175825268365283
0.39093109365209194328
0.35399985019724822255
0.31603269366191621970
0.27709930008270483581
0.23728460223386482753
0.19668854198199287042
0.15542526693968389262
0.11362174108120119687
0.07141577880646181320
0.02895355675099189549
-0.01361329763475622144
-0.05613090289752829809
-0.09844644057303855722
-0.14041141534392861945
-0.18188468695145854070
-0.22273512457905170203
-0.26284376970391476469
-0.30210543668876266299
-0.34042972580985725317
-0.37774146554140952681
-0.41398063555575315142
-0.44910184660015978197
-0.48307346749482715786
-0.51587649376282640468
-0.54750324865037136579
-0.57795599780102802079
