0.00000000024313174620
0.00000000027917050711
0.00000000032127816377
0.00000000037048662902
0.00000000042795985232
0.00000000049498029103
0.00000000057291350361
0.00000000066313962839
0.00000000076693773250
0.00000000088530756094
0.00000000101871524713
0.00000000116675835691
0.00000000132776522296
0.00000000149837687700
0.00000000167320539567
0.00000000184470881086
0.00000000200344515952
0.00000000213883258078
0.00000000224042300481
0.00000000229950636769
0.00000000231067130964
0.00000000227286657155
0.00000000218961488855
0.00000000206830599892
0.00000000191880732692
0.00000000175182443539
0.00000000157744232039
0.00000000140412333099
0.00000000123823453669
0.00000000108402084110
0.00000000094386818152
0.00000000081870158500
0.00000000070840221844
0.00000000061217562572
0.00000000052884285962
