0.00000000024035377181
0.00000000027592642784
0.00000000031747488251
0.00000000036601066972
0.00000000042267306562
0.00000000048871500939
0.00000000056546737781
0.00000000065427065551
0.00000000075636042493
0.00000000087269184248
0.00000000100369048708
0.00000000114892584148
0.00000000130672297694
0.00000000147376044620
0.00000000164474606401
0.00000000181230590605
0.00000000196724161233
0.00000000209927468906
0.00000000219828073478
0.00000000225583470690
0.00000000226670847302
0.00000000222988688123
0.00000000214877232064
0.00000000203050833215
0.00000000188464814958
0.00000000172157848996
0.00000000155111033063
0.00000000138150318975
0.00000000121899694214
0.00000000106777470735
0.00000000093020935542
0.00000000080724452385
0.00000000069879755783
0.00000000060411757736
0.00000000052207008161
